#Wed Sep 21 15:48:41 EEST 2011
node-position-0x1cde=1655.0,66.66667
node-position-0x0=480.0,540.0
node-position-0x585=720.0,105.0
screen-size=1920,1080
node-position-0x1b77=1075.0,113.333336
node-position-0x196=1420.0,485.0
node-position-0x195=1485.0,210.0
map-enable=false
node-position-0x1c98=1380.0,580.0
testbed-urn=urn\:wisebed\:ctitestbed
map-image=ns_floor0.png
node-position-0xca3=1580.0,160.0
node-position-0x786a=805.0,75.0
node-position-0xca2=1595.0,135.0
node-position-0xcaa=1265.0,615.0
node-size=40
node-position-0x9979=1270.0,453.33334
node-position-0x1ccd=1615.0,256.6667
node-position-0x296=480.0,595.0
node-position-0x295=480.0,235.0
node-position-0x153d=1150.0,511.6667
